{
    "Frame 0": {
        "0": [
            [
                1.0,
                0.0,
                0.0
            ],
            [
                0.0,
                1.0,
                0.0
            ],
            [
                0.0,
                0.0,
                1.0
            ]
        ],
        "1": [
            [
                0.6585927670285562,
                -0.37620687241064904,
                -0.6517084903303528
            ],
            [
                -0.7034692527844053,
                -0.00030258725264611426,
                -0.7107256283742025
            ],
            [
                0.2671826671111368,
                0.9265356429150214,
                -0.26484924920306513
            ]
        ],
        "2": [
            [
                0.5807923727421498,
                -0.7650961471540759,
                0.2780433516100188
            ],
            [
                -0.8138222876926582,
                -0.5376019379388621,
                0.22062964528609472
            ],
            [
                -0.01932624689979886,
                -0.3544178916679695,
                -0.9348874019080584
            ]
        ],
        "3": [
            [
                0.544153608374385,
                0.4316862996582215,
                0.7194051634374949
            ],
            [
                -0.8198321346070611,
                0.09141892799827196,
                0.5652591004745312
            ],
            [
                0.1782473605941079,
                -0.8973792499779782,
                0.40365624007340106
            ]
        ],
        "5": [
            [
                0.8982235086206241,
                -0.40856151475979896,
                -0.16208644982981868
            ],
            [
                -0.2281888113120095,
                -0.11827653303702539,
                -0.9664059851453495
            ],
            [
                0.37566526982576914,
                0.9050348890456765,
                -0.19946792889287263
            ]
        ],
        "6": [
            [
                -0.34957195789094714,
                -0.819253537826247,
                0.45455812281320873
            ],
            [
                -0.8470397971242293,
                0.48369680490315053,
                0.22036556676175156
            ],
            [
                -0.40040358183217395,
                -0.30799519750421717,
                -0.8630271895892411
            ]
        ],
        "7": [
            [
                -0.2914205382864042,
                0.5562284284322295,
                0.7782570303368128
            ],
            [
                -0.8023546608267509,
                0.30085935396298247,
                -0.5154712866713008
            ],
            [
                -0.5208656910513997,
                -0.7746570754448635,
                0.358615877156546
            ]
        ],
        "17": [
            [
                -0.9081959692904504,
                -0.01120543836521198,
                0.41839517147742367
            ],
            [
                -0.41190935966731185,
                0.20122862979874556,
                -0.8887281462673411
            ],
            [
                -0.07423449860438538,
                -0.9794802074061338,
                -0.18737065543086687
            ]
        ],
        "18": [
            [
                0.9344494615318099,
                0.24011578187964078,
                -0.26296124264849324
            ],
            [
                -0.27442245721866365,
                0.9561766297502903,
                -0.10207138528229623
            ],
            [
                0.22692844426598802,
                0.1675430213757204,
                0.9593918996798511
            ]
        ],
        "19": [
            [
                -0.9807290459556522,
                -0.19192602095917505,
                -0.03653684301762548
            ],
            [
                -0.019919637637620266,
                0.28426449831035316,
                -0.9585389418467822
            ],
            [
                0.19435469239332034,
                -0.9393391812754015,
                -0.2826095470177119
            ]
        ]
    },
    "Frame 1": {
        "0": [
            [
                1.0,
                0.0,
                0.0
            ],
            [
                0.0,
                1.0,
                0.0
            ],
            [
                0.0,
                0.0,
                1.0
            ]
        ],
        "1": [
            [
                0.6290157295267393,
                -0.6252519228994462,
                -0.46195156122529657
            ],
            [
                -0.6143211625979027,
                -0.035640024972712195,
                -0.7882507835735437
            ],
            [
                0.4763913529781005,
                0.779608761835377,
                -0.40652362450072366
            ]
        ],
        "2": [
            [
                0.5609193461610154,
                -0.6165611097879085,
                0.5524688995766204
            ],
            [
                -0.8275578738844503,
                -0.43592664232382805,
                0.353717299384864
            ],
            [
                0.02274758172086272,
                -0.6556068642177079,
                -0.7547596883223671
            ]
        ],
        "3": [
            [
                0.40276386158343475,
                0.7940021995046221,
                0.45534797571112845
            ],
            [
                -0.8735179827956097,
                0.1848392372106969,
                0.4503340872286447
            ],
            [
                0.27340008327557036,
                -0.5791329411881094,
                0.7680217645976715
            ]
        ],
        "5": [
            [
                0.6736553975902073,
                -0.73624289413783,
                -0.06430245818887416
            ],
            [
                -0.3406947190240568,
                -0.23216186258763524,
                -0.911058712701305
            ],
            [
                0.6558319249066019,
                0.6356471272580346,
                -0.4072311577985029
            ]
        ],
        "6": [
            [
                -0.20422952040480738,
                -0.5895367008082681,
                0.781496501204788
            ],
            [
                -0.5115397354263748,
                0.7449255969302505,
                0.42826738624138144
            ],
            [
                -0.834636089607403,
                -0.312301670565837,
                -0.45370724535392926
            ]
        ],
        "7": [
            [
                0.8874823051530772,
                0.269357506684541,
                0.3739273881823422
            ],
            [
                0.22132999675385945,
                0.4625653535325914,
                -0.8585140221616684
            ],
            [
                -0.40421305097326743,
                0.8446773510068543,
                0.35090167015693496
            ]
        ],
        "17": [
            [
                -0.7311477128804951,
                -0.4804103612815479,
                0.4843850810284661
            ],
            [
                -0.6231372851407783,
                0.18125206893764068,
                -0.7608203542053834
            ],
            [
                0.27771018313522733,
                -0.8581104662449686,
                -0.43188364394109807
            ]
        ],
        "18": [
            [
                0.9143588399525624,
                0.4041366533715308,
                0.02492944448365117
            ],
            [
                -0.40120851750182646,
                0.9125931860018809,
                -0.0787743762077677
            ],
            [
                -0.05458605393862942,
                0.06202614178389154,
                0.9965807144686343
            ]
        ],
        "19": [
            [
                -0.9869810698716912,
                0.01331591473250026,
                -0.16028429158769297
            ],
            [
                0.15597438625382073,
                0.32242637630620774,
                -0.933655837391269
            ],
            [
                0.039247401795224145,
                -0.9465008812869031,
                -0.3203056714693635
            ]
        ]
    },
    "Frame 2": {
        "0": [
            [
                1.0,
                0.0,
                0.0
            ],
            [
                0.0,
                1.0,
                0.0
            ],
            [
                0.0,
                0.0,
                1.0
            ]
        ],
        "1": [
            [
                -0.5902872119566738,
                -0.21348860083756105,
                0.7784495004255816
            ],
            [
                -0.8071486808023399,
                0.14597331383290535,
                -0.5720164322182385
            ],
            [
                0.008486134541673504,
                -0.9659784723072562,
                -0.258483222974877
            ]
        ],
        "2": [
            [
                0.43140404086335676,
                -0.8356165690227364,
                -0.34005220643518497
            ],
            [
                0.7253742424333148,
                0.5453955438743455,
                -0.41997131942110255
            ],
            [
                0.5363979510970023,
                -0.0654877873857202,
                0.8414205772158538
            ]
        ],
        "3": [
            [
                0.0979005305938498,
                0.08302010810198379,
                0.991727355557049
            ],
            [
                0.7765839490435227,
                0.6168121367171062,
                -0.1282971476161712
            ],
            [
                -0.6223607122862194,
                0.7827199049782834,
                -0.004085847938527926
            ]
        ],
        "5": [
            [
                -0.862049834540082,
                0.38539662724570034,
                0.3291496961521551
            ],
            [
                -0.23922854944620522,
                0.2631230349857408,
                -0.9346314619087874
            ],
            [
                -0.44681068015355446,
                -0.8844409014555643,
                -0.1346272926756932
            ]
        ],
        "6": [
            [
                0.6775864343547863,
                -0.36739342160160393,
                -0.6371017954316508
            ],
            [
                0.36322484770806457,
                0.9204320015109761,
                -0.14447366750363722
            ],
            [
                0.6394875557708847,
                -0.13351780539824742,
                0.7571186575800488
            ]
        ],
        "7": [
            [
                -0.7831201313234064,
                0.1645515999346763,
                0.59970461968785
            ],
            [
                -0.608550099291364,
                -0.004252671074267403,
                -0.7935040588687652
            ],
            [
                -0.12802201595226392,
                -0.9863593086434941,
                0.10346824480895553
            ]
        ],
        "17": [
            [
                -0.9762706711236185,
                0.07901424594488439,
                -0.20162421888652424
            ],
            [
                0.21496692121996808,
                0.24109219391407272,
                -0.9463951483470883
            ],
            [
                -0.026168673734978838,
                -0.9672803642023654,
                -0.25235668713844656
            ]
        ],
        "18": [
            [
                -0.7828103798640759,
                0.5761533693235847,
                0.23506425545825213
            ],
            [
                -0.6002463910983412,
                -0.7987557937933962,
                -0.041151571718446855
            ],
            [
                0.1640493192624655,
                -0.17331034850395557,
                0.9711083070136716
            ]
        ],
        "19": [
            [
                -0.5785185619435667,
                0.6875116282749182,
                -0.4389123311932789
            ],
            [
                -0.24037709773333146,
                0.37050203326591236,
                0.8971884385295684
            ],
            [
                0.7794453953754863,
                0.6245446375821312,
                -0.049080253619521286
            ]
        ]
    },
    "Frame 3": {
        "0": [
            [
                1.0,
                0.0,
                0.0
            ],
            [
                0.0,
                1.0,
                0.0
            ],
            [
                0.0,
                0.0,
                1.0
            ]
        ],
        "1": [
            [
                -0.35993144652657627,
                -0.4297737207619355,
                0.8280965539982209
            ],
            [
                -0.8898016646475286,
                -0.10876118928815903,
                -0.44319747437808366
            ],
            [
                0.28053939365403424,
                -0.896362400286328,
                -0.34326679996929454
            ]
        ],
        "2": [
            [
                0.5688993221493115,
                -0.8198355342203457,
                -0.06498659929319564
            ],
            [
                0.7468052454066407,
                0.5480809831438743,
                -0.37668177729905
            ],
            [
                0.3444350253548278,
                0.16576167453812943,
                0.9240603771199879
            ]
        ],
        "3": [
            [
                -0.04477260099323281,
                0.13038145181138638,
                0.9904524679275912
            ],
            [
                0.9965379595282029,
                -0.0636951544128207,
                0.05343241079806102
            ],
            [
                0.07005361817684103,
                0.9894157894070026,
                -0.1270782682147159
            ]
        ],
        "5": [
            [
                -0.830097662332202,
                0.44757841283508404,
                0.33258297514250595
            ],
            [
                -0.21547375667005175,
                0.29264070485610977,
                -0.9316289379617909
            ],
            [
                -0.5143043176730184,
                -0.8450059066215727,
                -0.14647896298630972
            ]
        ],
        "6": [
            [
                0.607025388743882,
                -0.3656036690073701,
                -0.7055877937072668
            ],
            [
                0.3666808523505353,
                0.9165777092855709,
                -0.15946929284442207
            ],
            [
                0.7050286022139981,
                -0.16192362412311698,
                0.6904458052671559
            ]
        ],
        "7": [
            [
                -0.77910060668881,
                0.09312643278784827,
                0.6199433136774191
            ],
            [
                -0.626733466268003,
                -0.13842351641050513,
                -0.7668403304236445
            ],
            [
                0.014401628964200108,
                -0.9859849885372296,
                0.16621129763772544
            ]
        ],
        "17": [
            [
                -0.9399805487181006,
                0.28954967616040833,
                -0.1805479245713483
            ],
            [
                0.23782113523768056,
                0.17647468793662502,
                -0.9551428124379786
            ],
            [
                -0.24469915338202433,
                -0.9407537773259661,
                -0.23474380669369546
            ]
        ],
        "18": [
            [
                -0.3995763695137358,
                0.9166690728871693,
                0.007519025096371578
            ],
            [
                -0.9165216620758245,
                -0.3996469784829475,
                0.016441883566623915
            ],
            [
                0.01807672182643827,
                -0.00032156123499707534,
                0.9998365510054039
            ]
        ],
        "19": [
            [
                -0.5101983036470346,
                0.36079212333306165,
                -0.7807219317378685
            ],
            [
                -0.43053037322086424,
                0.6786953390579141,
                0.5949926339673175
            ],
            [
                0.7445409919473821,
                0.639688737185425,
                -0.19093724316676572
            ]
        ]
    },
    "Frame 4": {
        "0": [
            [
                1.0,
                0.0,
                0.0
            ],
            [
                0.0,
                1.0,
                0.0
            ],
            [
                0.0,
                0.0,
                1.0
            ]
        ],
        "1": [
            [
                -0.2851572270632427,
                -0.46962005114937805,
                0.8355491388374819
            ],
            [
                -0.8857999513157379,
                -0.20386610147922904,
                -0.41688974431700426
            ],
            [
                0.3661199285789272,
                -0.8590085099846894,
                -0.35785552625500283
            ]
        ],
        "2": [
            [
                0.3980192055032857,
                -0.9165463619104307,
                -0.03903176295386955
            ],
            [
                0.844021041540273,
                0.3825321592800003,
                -0.37589576820423715
            ],
            [
                0.35945680336836905,
                0.11667010579121942,
                0.9258395611156716
            ]
        ],
        "3": [
            [
                -0.3549839818630296,
                0.04493464705793662,
                0.933791866592576
            ],
            [
                0.9348620434274119,
                0.012364388339737463,
                0.3547958309502926
            ],
            [
                0.004396860174339767,
                0.9989134093577696,
                -0.04639685577541264
            ]
        ],
        "5": [
            [
                -0.2704037938341239,
                0.9070605804425447,
                0.32268078915136345
            ],
            [
                0.0244790241178557,
                0.3415360669979375,
                -0.9395498349304404
            ],
            [
                -0.9624357462492497,
                -0.246158929041411,
                -0.11455660607243703
            ]
        ],
        "6": [
            [
                -0.0540951358028811,
                -0.15082258840273458,
                -0.987079664013988
            ],
            [
                0.05295616012755543,
                0.9867026167100124,
                -0.15366714444590684
            ],
            [
                0.9971305638616303,
                -0.06058459379342063,
                -0.045388826905678664
            ]
        ],
        "7": [
            [
                -0.6516244184329327,
                0.6911335528958086,
                0.3126020303253946
            ],
            [
                -0.42945763200128256,
                0.003558733823394816,
                -0.9030799951994425
            ],
            [
                -0.6252613530499014,
                -0.7227183043725897,
                0.29449362116524
            ]
        ],
        "17": [
            [
                -0.8149380028869886,
                0.5532411391080855,
                -0.1726276149663043
            ],
            [
                0.24216886786433942,
                0.054456245054014196,
                -0.9687046798751007
            ],
            [
                -0.526526628849739,
                -0.8312392912832051,
                -0.17835624390282528
            ]
        ],
        "18": [
            [
                -0.32325081324119814,
                0.9111533421303786,
                -0.25555527555412594
            ],
            [
                -0.9458731385226321,
                -0.3028597579350069,
                0.11661892147029529
            ],
            [
                0.028860311159963153,
                0.27942003175898167,
                0.95973513444677
            ]
        ],
        "19": [
            [
                -0.6832951021140303,
                0.015670486423319925,
                -0.7299741360364991
            ],
            [
                -0.5384859884823139,
                0.6643669688289412,
                0.5183139694598924
            ],
            [
                0.49309293610353233,
                0.7472422408993629,
                -0.4455203584355001
            ]
        ]
    },
    "Frame 5": {
        "0": [
            [
                1.0,
                0.0,
                0.0
            ],
            [
                0.0,
                1.0,
                0.0
            ],
            [
                0.0,
                0.0,
                1.0
            ]
        ],
        "1": [
            [
                -0.2224156551846221,
                -0.42227218292077934,
                0.8787590567727397
            ],
            [
                -0.9284959873545997,
                -0.18316986486356665,
                -0.3230232221873062
            ],
            [
                0.29736589884383574,
                -0.8877696796676392,
                -0.35133818190970223
            ]
        ],
        "2": [
            [
                0.554538905281069,
                -0.8311441451778697,
                -0.04106108213651593
            ],
            [
                0.7244621309387624,
                0.5064616818314605,
                -0.4676015244544397
            ],
            [
                0.4094401340432338,
                0.22955603841545216,
                0.8829851651424627
            ]
        ],
        "3": [
            [
                -0.13914216302043894,
                0.10863363350350806,
                0.9842957848847159
            ],
            [
                0.9660532444515201,
                -0.20359172405993473,
                0.15903313736135308
            ],
            [
                0.21767082338863242,
                0.9730103512122206,
                -0.07661768124386162
            ]
        ],
        "5": [
            [
                -0.13163882111882622,
                0.9328749204400325,
                0.33528436227842306
            ],
            [
                0.032078367371299266,
                0.3420593413970693,
                -0.9391306540145493
            ],
            [
                -0.9907785822883122,
                -0.1128706772240085,
                -0.07495339286353926
            ]
        ],
        "6": [
            [
                -0.23184955109723165,
                -0.15971667243082457,
                -0.9595500873866029
            ],
            [
                0.10714377402310833,
                0.9762337841057315,
                -0.18838208635294637
            ],
            [
                0.9668329728262776,
                -0.1464861198824945,
                -0.20922671755221456
            ]
        ],
        "7": [
            [
                -0.11197711652002486,
                0.9632069964876652,
                0.24432234300831354
            ],
            [
                -0.4379545933197838,
                0.17286556641109435,
                -0.8822206470829587
            ],
            [
                -0.8919960199271988,
                -0.20579061656592285,
                0.4024839407572106
            ]
        ],
        "17": [
            [
                -0.7520315983330695,
                0.6429731588064361,
                -0.14503100414422573
            ],
            [
                0.19014467579973202,
                0.0009484076545874979,
                -0.9817556227432239
            ],
            [
                -0.6311049654167077,
                -0.7658881234079781,
                -0.12297115535353015
            ]
        ],
        "18": [
            [
                -0.23075615104613306,
                0.9025788726414847,
                -0.36345973286679323
            ],
            [
                -0.9687553609330853,
                -0.1782156620356938,
                0.1724883429933362
            ],
            [
                0.0909101172465512,
                0.39190631082748073,
                0.915502481763874
            ]
        ],
        "19": [
            [
                -0.6763004056398485,
                -0.1306543450643379,
                -0.7249463452195517
            ],
            [
                -0.5711549515029869,
                0.7145074370478989,
                0.4040558671481748
            ],
            [
                0.4651879004284154,
                0.6873198414996119,
                -0.5578455456270591
            ]
        ]
    },
    "Frame 6": {
        "0": [
            [
                1.0,
                0.0,
                0.0
            ],
            [
                0.0,
                1.0,
                0.0
            ],
            [
                0.0,
                0.0,
                1.0
            ]
        ],
        "1": [
            [
                -0.17829094612221635,
                -0.47803141916974834,
                0.8600571497391329
            ],
            [
                -0.9134160237718889,
                -0.2446224688379877,
                -0.3253167921524496
            ],
            [
                0.3659009511433351,
                -0.8435910205936075,
                -0.39302758672418736
            ]
        ],
        "2": [
            [
                0.5603814813069723,
                -0.8269754542757145,
                0.04565296741372953
            ],
            [
                0.7688210194382475,
                0.49889100962720445,
                -0.40002749978355556
            ],
            [
                0.30803706835077066,
                0.25926696383963793,
                0.9153653947922866
            ]
        ],
        "3": [
            [
                -0.05853209812962423,
                0.20708520154122576,
                0.9765703829172653
            ],
            [
                0.9710301477151605,
                -0.2152166961904703,
                0.103837497606272
            ],
            [
                0.2316774605282476,
                0.9543571097778278,
                -0.1884888890616461
            ]
        ],
        "5": [
            [
                -0.10849671270747067,
                0.9369531871376926,
                0.33218547295779266
            ],
            [
                0.03912375510243745,
                0.33792373602778963,
                -0.9403599738481564
            ],
            [
                -0.993326630629803,
                -0.08902962283162001,
                -0.0733207415408656
            ]
        ],
        "6": [
            [
                -0.267362193665373,
                -0.09467984035261938,
                -0.958933358075128
            ],
            [
                0.2702917132495633,
                0.9478396193132331,
                -0.16894509702492483
            ],
            [
                0.9249107238793675,
                -0.30436127199587654,
                -0.22782530360343342
            ]
        ],
        "7": [
            [
                -0.02758225518852688,
                0.9779842573447656,
                0.20684779811378717
            ],
            [
                -0.5620098581093165,
                0.1559533996175741,
                -0.8122951782053538
            ],
            [
                -0.8266705139211517,
                -0.13865543456182414,
                0.5453352472377069
            ]
        ],
        "17": [
            [
                -0.7253876955289025,
                0.6750888927520099,
                -0.13441606324444128
            ],
            [
                0.1773507724789797,
                -0.0053847897088985415,
                -0.9841329724894397
            ],
            [
                -0.6651010409527094,
                -0.7377167416581084,
                -0.1158214764237024
            ]
        ],
        "18": [
            [
                -0.3218790171541678,
                0.8588903120308097,
                -0.39837335530314455
            ],
            [
                -0.944692639391162,
                -0.2634244721305405,
                0.19535445877406116
            ],
            [
                0.0628467612214602,
                0.4392208776713199,
                0.8961781660036181
            ]
        ],
        "19": [
            [
                -0.7591174547121107,
                -0.10483291064052415,
                -0.6424568085078114
            ],
            [
                -0.4951399237960606,
                0.7336925267563488,
                0.4653297025175978
            ],
            [
                0.42258389204350677,
                0.6713459145839205,
                -0.6088657628384448
            ]
        ]
    },
    "Frame 7": {
        "0": [
            [
                1.0,
                0.0,
                0.0
            ],
            [
                0.0,
                1.0,
                0.0
            ],
            [
                0.0,
                0.0,
                1.0
            ]
        ],
        "1": [
            [
                -0.20471477931398488,
                -0.4654829126891729,
                0.8610560476094633
            ],
            [
                -0.9114929394349759,
                -0.2299641444529604,
                -0.34102362619942533
            ],
            [
                0.35675268813369004,
                -0.8546590842320824,
                -0.3772073292619913
            ]
        ],
        "2": [
            [
                0.48790831646094707,
                -0.8664486873888317,
                0.10588742536493624
            ],
            [
                0.8329760712135813,
                0.42589261855353566,
                -0.3532227940651612
            ],
            [
                0.2609527534130098,
                0.2605420303593705,
                0.9295275740409132
            ]
        ],
        "3": [
            [
                -0.10078263525070362,
                0.22493726442247375,
                0.9691470928120549
            ],
            [
                0.9710913104255872,
                -0.1896251366682584,
                0.1449964632653517
            ],
            [
                0.21638975772397318,
                0.9557434460239203,
                -0.19932370188836487
            ]
        ],
        "5": [
            [
                -0.02245170181440093,
                0.9461021460802878,
                0.32308922957584163
            ],
            [
                0.0549859565499914,
                0.3238501078528675,
                -0.9445092123563267
            ],
            [
                -0.9982346746471592,
                -0.0034404688575515037,
                -0.059293317550298485
            ]
        ],
        "6": [
            [
                -0.34755053334607855,
                -0.015536550788812971,
                -0.9375325286945744
            ],
            [
                0.39157501811378453,
                0.9060975752154148,
                -0.16017549556013588
            ],
            [
                0.8519845256576235,
                -0.4227833958167378,
                -0.3088309703731507
            ]
        ],
        "7": [
            [
                0.04655383143265192,
                0.9938478732320434,
                0.10049450557659635
            ],
            [
                -0.6656581259293193,
                0.10587639229554968,
                -0.7387079591684022
            ],
            [
                -0.7448033298550747,
                -0.03250529843922645,
                0.6664918644741059
            ]
        ],
        "17": [
            [
                -0.6921305932791276,
                0.7102082074384641,
                -0.12868389150987944
            ],
            [
                0.16184831309045997,
                -0.021033633998285225,
                -0.9865914604285801
            ],
            [
                -0.7033920424605722,
                -0.7036774035933439,
                -0.1003879787388657
            ]
        ],
        "18": [
            [
                -0.31289384410572624,
                0.8310248485036168,
                -0.459886011409656
            ],
            [
                -0.9479523824577737,
                -0.24315014062359946,
                0.2055828049895093
            ],
            [
                0.059023071026271426,
                0.5002756343099919,
                0.8638521672151799
            ]
        ],
        "19": [
            [
                -0.7653681855901433,
                -0.18198324692318082,
                -0.6173278207935787
            ],
            [
                -0.5230864118751462,
                0.7347177112587078,
                0.43193806323864425
            ],
            [
                0.3749561923719052,
                0.6535074464778979,
                -0.6575225252414555
            ]
        ]
    },
    "Frame 8": {
        "0": [
            [
                1.0,
                0.0,
                0.0
            ],
            [
                0.0,
                1.0,
                0.0
            ],
            [
                0.0,
                0.0,
                1.0
            ]
        ],
        "1": [
            [
                -0.23349142604101425,
                -0.46648351693832624,
                0.8531558371072567
            ],
            [
                -0.8929271530493275,
                -0.24446647781711137,
                -0.37804396645220883
            ],
            [
                0.38491928155466126,
                -0.850076037568726,
                -0.35945497219943606
            ]
        ],
        "2": [
            [
                0.46585033378441487,
                -0.8753804118657814,
                0.129199849205192
            ],
            [
                0.8569278489427562,
                0.4099094314434856,
                -0.31248827133193263
            ],
            [
                0.2205858749314889,
                0.25628771436682923,
                0.9410942988060952
            ]
        ],
        "3": [
            [
                -0.10800059451158783,
                0.2250960621404653,
                0.9683323987113102
            ],
            [
                0.9734196908956394,
                -0.17393399106413948,
                0.1490002420438921
            ],
            [
                0.2019652865266261,
                0.9586859389609069,
                -0.20032796478989695
            ]
        ],
        "5": [
            [
                0.044976051807563505,
                0.9459801551285194,
                0.32108986416083857
            ],
            [
                0.050053969112105204,
                0.3188774734635495,
                -0.9464733261395313
            ],
            [
                -0.9977333085248421,
                0.05864045549384518,
                -0.03300821169870583
            ]
        ],
        "6": [
            [
                -0.41692733395293147,
                0.016375898902940406,
                -0.9087922909763383
            ],
            [
                0.43587560762450556,
                0.8809781419877397,
                -0.1840922812553474
            ],
            [
                0.7976114673704665,
                -0.4728734960588831,
                -0.3744417228944721
            ]
        ],
        "7": [
            [
                0.3868464385228572,
                0.9216934857617827,
                0.028826226018607855
            ],
            [
                -0.6444500366693413,
                0.2925785030942344,
                -0.7064573375399408
            ],
            [
                -0.6595710600375566,
                0.25471344258093565,
                0.7071683526074272
            ]
        ],
        "17": [
            [
                -0.7321832055170858,
                0.6729941544927186,
                -0.10481708628537524
            ],
            [
                0.12171007151800599,
                -0.022136739315798005,
                -0.9923188113018648
            ],
            [
                -0.670145067914259,
                -0.7393164632220056,
                -0.06570201792257167
            ]
        ],
        "18": [
            [
                -0.4044692325866624,
                0.8077647148146827,
                -0.42885989016357173
            ],
            [
                -0.9145494345184232,
                -0.3562190042453372,
                0.1915916303925944
            ],
            [
                0.0019929156501218848,
                0.4697064897516479,
                0.8828203904375999
            ]
        ],
        "19": [
            [
                -0.8010875473953409,
                -0.05696656452025704,
                -0.595830136813234
            ],
            [
                -0.4478808902888764,
                0.7174229871628562,
                0.5335793901607964
            ],
            [
                0.3970660518379291,
                0.694304737141468,
                -0.6002328568653632
            ]
        ]
    },
    "Frame 9": {
        "0": [
            [
                1.0,
                0.0,
                0.0
            ],
            [
                0.0,
                1.0,
                0.0
            ],
            [
                0.0,
                0.0,
                1.0
            ]
        ],
        "1": [
            [
                -0.28823018592293753,
                -0.48207880063326175,
                0.8273592870711156
            ],
            [
                -0.855474000774151,
                -0.25855715802257745,
                -0.4486785375240896
            ],
            [
                0.4302180771681925,
                -0.8371070576785767,
                -0.33788190253758693
            ]
        ],
        "2": [
            [
                0.40535092198100925,
                -0.9071777667324752,
                0.11277911861432714
            ],
            [
                0.891169294899455,
                0.3646427037996701,
                -0.26991292372554987
            ],
            [
                0.2037349206139055,
                0.2099147401016533,
                0.9562572269062866
            ]
        ],
        "3": [
            [
                -0.20675548488343737,
                0.1990051740152289,
                0.9579400347546725
            ],
