{
    "Frame 0": {
        "1": [
            [
                0.6585927670285562,
                -0.37620687241064904,
                -0.6517084903303528
            ],
            [
                -0.7034692527844053,
                -0.00030258725264611426,
                -0.7107256283742025
            ],
            [
                0.2671826671111368,
                0.9265356429150214,
                -0.26484924920306513
            ]
        ],
        "5": [
            [
                0.8982235086206241,
                -0.40856151475979896,
                -0.16208644982981868
            ],
            [
                -0.2281888113120095,
                -0.11827653303702539,
                -0.9664059851453495
            ],
            [
                0.37566526982576914,
                0.9050348890456765,
                -0.19946792889287263
            ]
        ],
        "17": [
            [
                -0.9081959692904504,
                -0.01120543836521198,
                0.41839517147742367
            ],
            [
                -0.41190935966731185,
                0.20122862979874556,
                -0.8887281462673411
            ],
            [
                -0.07423449860438538,
                -0.9794802074061338,
                -0.18737065543086687
            ]
        ],
        "2": [
            [
                0.9498409742638458,
                -0.22039467258754464,
                -0.22187454091115769
            ],
            [
                -0.23615828641554854,
                -0.04038370900947779,
                -0.970875079402036
            ],
            [
                0.2050155783514504,
                0.9745744426885342,
                -0.09040612972334044
            ]
        ],
        "3": [
            [
                0.9797930761537562,
                0.1936643220846438,
                -0.049996582609763585
            ],
            [
                -0.03876053861506357,
                -0.06138125570009062,
                -0.9973615002068961
            ],
            [
                -0.19622219183219247,
                0.9791457867959067,
                -0.052634395906050145
            ]
        ],
        "6": [
            [
                -0.27112646570063204,
                -0.9619500851178803,
                0.03380049316780608
            ],
            [
                -0.11937263207525982,
                -0.0012409141382457686,
                -0.9928487472135553
            ],
            [
                0.955112880401112,
                -0.2732224256421943,
                -0.11449406892100107
            ]
        ],
        "7": [
            [
                0.9900552656172538,
                -0.13910623920563037,
                0.020976778532822385
            ],
            [
                0.011075052533861691,
                -0.07157674064583679,
                -0.9973736077367853
            ],
            [
                0.14024234109184477,
                0.9876873110517238,
                -0.06932432006514093
            ]
        ],
        "10": [
            [
                -0.8519532379421614,
                -0.501602699463753,
                0.1502345241631994
            ],
            [
                -0.18437805818409017,
                0.018839210052752887,
                -0.9826748271044968
            ],
            [
                0.4900820462128064,
                -0.8648929506333511,
                -0.10853465771173987
            ]
        ],
        "11": [
            [
                -0.9054576558533183,
                0.40156378116663755,
                0.1374516755509612
            ],
            [
                -0.08357984352586603,
                0.1488104267848515,
                -0.9853272890955076
            ],
            [
                -0.4161259943968961,
                -0.9036603269676406,
                -0.10117890220758087
            ]
        ],
        "14": [
            [
                -0.980246717456437,
                0.15414231104002726,
                0.12392143020123565
            ],
            [
                -0.0970929620189918,
                0.17082086351543468,
                -0.9805065983022347
            ],
            [
                -0.17230591876734488,
                -0.9731702731460106,
                -0.15248045718274986
            ]
        ],
        "15": [
            [
                -0.7542685425893146,
                -0.6505620896486846,
                0.0885885611810473
            ],
            [
                -0.17020889255775817,
                0.06343499582948152,
                -0.9833640903543179
            ],
            [
                0.6341197824973235,
                -0.7567991601581299,
                -0.15857847467262584
            ]
        ],
        "18": [
            [
                -0.7524719751167102,
                -0.6243677607418955,
                0.2096445229671132
            ],
            [
                -0.28796449055471796,
                0.02561443712932544,
                -0.9572984658872642
            ],
            [
                0.5923363730546344,
                -0.780710445656198,
                -0.1990698902390363
            ]
        ],
        "19": [
            [
                -0.8668707250138327,
                -0.4705165081105154,
                0.16477063363803454
            ],
            [
                -0.22197244128177657,
                0.06834287883891374,
                -0.9726548649050277
            ],
            [
                0.4463892711808835,
                -0.8797405677286326,
                -0.1636861388972896
            ]
        ]
    },
    "Frame 1": {
        "1": [
            [
                0.6290157295267393,
                -0.6252519228994462,
                -0.46195156122529657
            ],
            [
                -0.6143211625979027,
                -0.035640024972712195,
                -0.7882507835735437
            ],
            [
                0.4763913529781005,
                0.779608761835377,
                -0.40652362450072366
            ]
        ],
        "5": [
            [
                0.6736553975902073,
                -0.73624289413783,
                -0.06430245818887416
            ],
            [
                -0.3406947190240568,
                -0.23216186258763524,
                -0.911058712701305
            ],
            [
                0.6558319249066019,
                0.6356471272580346,
                -0.4072311577985029
            ]
        ],
        "17": [
            [
                -0.7311477128804951,
                -0.4804103612815479,
                0.4843850810284661
            ],
            [
                -0.6231372851407783,
                0.18125206893764068,
                -0.7608203542053834
            ],
            [
                0.27771018313522733,
                -0.8581104662449686,
                -0.43188364394109807
            ]
        ],
        "2": [
            [
                0.8720501581658585,
                -0.4323531156176868,
                -0.22934538377429917
            ],
            [
                -0.30348750246691775,
                -0.11007439976494324,
                -0.9464560012820353
            ],
            [
                0.38395814549152885,
                0.8949605633390036,
                -0.2272041649676329
            ]
        ],
        "3": [
            [
                0.9550239172756361,
                0.2792321545331127,
                -0.09979339309941716
            ],
            [
                -0.0467817435039293,
                -0.19044369381005205,
                -0.9805828205525099
            ],
            [
                -0.29281527608072544,
                0.9411485554166139,
                -0.16881531545150008
            ]
        ],
        "6": [
            [
                -0.510682425580971,
                -0.8557542032757327,
                0.08299520334725331
            ],
            [
                -0.2614114817294357,
                0.06258523299795488,
                -0.9631963070063199
            ],
            [
                0.8190650141611208,
                -0.5135833254560622,
                -0.25566515286744784
            ]
        ],
        "7": [
            [
                0.042901626702050305,
                -0.9966295141953884,
                0.06992182678521965
            ],
            [
                -0.23209259917175737,
                -0.07801351153779384,
                -0.9695601669969948
            ],
            [
                0.9717471254580669,
                0.025367369832263606,
                -0.23465724091060405
            ]
        ],
        "10": [
            [
                -0.7050967225120565,
                -0.688939440903862,
                0.16793170835143115
            ],
            [
                -0.31294801557173896,
                0.08981460729839998,
                -0.9455140802048084
            ],
            [
                0.6363192213444969,
                -0.7192327739215645,
                -0.27893021611977614
            ]
        ],
        "11": [
            [
                -0.9914463401403923,
                -0.05494925411655411,
                0.11838384220093522
            ],
            [
                -0.1279117700654321,
                0.22883441604563848,
                -0.9650250717529466
            ],
            [
                0.0259371104973085,
                -0.9719132623362469,
                -0.23390570064443555
            ]
        ],
        "14": [
            [
                -0.714146097445665,
                -0.6450821440684451,
                0.27178001933031154
            ],
            [
                -0.4142767509639552,
                0.07653184634707741,
                -0.906927588126779
            ],
            [
                0.5642429663840531,
                -0.760270941111631,
                -0.32189745414861415
            ]
        ],
        "15": [
            [
                -0.5716017732839174,
                -0.8045647763642682,
                0.16108051841422769
            ],
            [
                -0.28328184618526675,
                0.009259013647775935,
                -0.9589920053306686
            ],
            [
                0.7700797415856023,
                -0.5937927174529724,
                -0.23321106384403484
            ]
        ],
        "18": [
            [
                -0.4336824912478603,
                -0.8469291389729815,
                0.307620757335284
            ],
            [
                -0.465146470319447,
                -0.08196731403765047,
                -0.8814307236412928
            ],
            [
                0.7717242110588532,
                -0.5253497815626627,
                -0.3583983106512268
            ]
        ],
        "19": [
            [
                -0.9671754791715164,
                -0.06551893593469628,
                0.2455175381176117
            ],
            [
                -0.2540996995245362,
                0.2409177653596172,
                -0.9366920374571724
            ],
            [
                0.0022215289528069587,
                -0.9683315028274736,
                -0.2496580970867924
            ]
        ]
    },
    "Frame 2": {
        "1": [
            [
                -0.5902872119566738,
                -0.21348860083756105,
                0.7784495004255816
            ],
            [
                -0.8071486808023399,
                0.14597331383290535,
                -0.5720164322182385
            ],
            [
                0.008486134541673504,
                -0.9659784723072562,
                -0.258483222974877
            ]
        ],
        "5": [
            [
                -0.862049834540082,
                0.38539662724570034,
                0.3291496961521551
            ],
            [
                -0.23922854944620522,
                0.2631230349857408,
                -0.9346314619087874
            ],
            [
                -0.44681068015355446,
                -0.8844409014555643,
                -0.1346272926756932
            ]
        ],
        "17": [
            [
                -0.9762706711236185,
                0.07901424594488439,
                -0.20162421888652424
            ],
            [
                0.21496692121996808,
                0.24109219391407272,
                -0.9463951483470883
            ],
            [
                -0.026168673734978838,
                -0.9672803642023654,
                -0.25235668713844656
            ]
        ],
        "2": [
            [
                -0.8355852061952334,
                0.0524827428649881,
                0.5468481735262879
            ],
            [
                -0.5043634364919884,
                0.3212675998600257,
                -0.8015014991939632
            ],
            [
                -0.2177495972847286,
                -0.9455330195088619,
                -0.24197607712497643
            ]
        ],
        "3": [
            [
                0.2717156673105715,
                0.903084199816145,
                0.3325801019008863
            ],
            [
                0.38249514577576615,
                0.21577501816125788,
                -0.8984089297171329
            ],
            [
                -0.883101386929013,
                0.37132205641456584,
                -0.28679586960783066
            ]
        ],
        "6": [
            [
                -0.9567368968058897,
                0.15617500716003987,
                0.2454870208968244
            ],
            [
                -0.2088765995166625,
                0.21868328434484674,
                -0.9531779410595415
            ],
            [
                -0.20254647976351559,
                -0.9632169995835373,
                -0.1766010624223291
            ]
        ],
        "7": [
            [
                -0.8335405806588866,
                -0.5208112473324784,
                0.18429797895482758
            ],
            [
                -0.2553225827258441,
                0.0673270603455371,
                -0.9645089142643695
            ],
            [
                0.48991884955066867,
                -0.8510127564244946,
                -0.18909470975607187
            ]
        ],
        "10": [
            [
                -0.6679512357115702,
                0.7338356710759133,
                0.12379965495893153
            ],
            [
                0.02076242712072485,
                0.1846621743557155,
                -0.9825827206817123
            ],
            [
                -0.7439153636882647,
                -0.6537469611545307,
                -0.13858153718938743
            ]
        ],
        "11": [
            [
                0.7630120274793897,
                -0.6386896407690213,
                0.09943937196166076
            ],
            [
                -0.031588967355801106,
                -0.19050029122918852,
                -0.9811787687180091
            ],
            [
                0.64561194464104,
                0.745510014564481,
                -0.1655295596589384
            ]
        ],
        "14": [
            [
                -0.1979910266716747,
                0.9793749414919009,
                0.040302324191439205
            ],
            [
                0.141838483131463,
                0.06930920319989847,
                -0.9874604189813184
            ],
            [
                -0.9698873120422093,
                -0.18979188162176708,
                -0.15263565641752014
            ]
        ],
        "15": [
            [
                0.7506144539397148,
                -0.6599673864410719,
                0.03195293994180715
            ],
            [
                -0.10411032930072156,
                -0.1658882614191209,
                -0.9806335319864586
            ],
            [
                0.6524867668157563,
                0.7327510720275217,
                -0.19322754869023867
            ]
        ],
        "18": [
            [
                0.6309087431324039,
                -0.7296524083731525,
                -0.2637451815566471
            ],
            [
                -0.36524957648503986,
                0.020590234319425915,
                -0.9306818947031097
            ],
            [
                0.6845048609882836,
                0.6835081603067584,
                -0.2535146742843126
            ]
        ],
        "19": [
            [
                0.7250233071641996,
                -0.6581276246089477,
                -0.20300057584960352
            ],
            [
                -0.27639877228260973,
                -0.008068553399278984,
                -0.961009165995158
            ],
            [
                0.6308287586574923,
                0.7528631536824119,
                -0.18775555671675964
            ]
        ]
    },
    "Frame 3": {
        "1": [
            [
                -0.35993144652657627,
                -0.4297737207619355,
                0.8280965539982209
            ],
            [
                -0.8898016646475286,
                -0.10876118928815903,
                -0.44319747437808366
            ],
            [
                0.28053939365403424,
                -0.896362400286328,
                -0.34326679996929454
            ]
        ],
        "5": [
            [
                -0.830097662332202,
                0.44757841283508404,
                0.33258297514250595
            ],
            [
                -0.21547375667005175,
                0.29264070485610977,
                -0.9316289379617909
            ],
            [
                -0.5143043176730184,
                -0.8450059066215727,
                -0.14647896298630972
            ]
        ],
        "17": [
            [
                -0.9399805487181006,
                0.28954967616040833,
                -0.1805479245713483
            ],
            [
                0.23782113523768056,
                0.17647468793662502,
                -0.9551428124379786
            ],
            [
                -0.24469915338202433,
                -0.9407537773259661,
                -0.23474380669369546
            ]
        ],
        "2": [
            [
                -0.7726457133132704,
                -0.14609610175125184,
                0.617798131068487
            ],
            [
                -0.6344600111458499,
                0.14415129593729709,
                -0.759395086984638
            ],
            [
                0.02188826067634589,
                -0.9787115677934362,
                -0.20407001521996954
            ]
        ],
        "3": [
            [
                0.7428775928195187,
                0.36739549664472815,
                0.5596011357492505
            ],
            [
                0.5945018789085771,
                0.022205768016278177,
                -0.8037875464580045
            ],
            [
                -0.3077342978298797,
                0.9297996842933326,
                -0.20192114556719923
            ]
        ],
        "6": [
            [
                -0.9454997111291711,
                0.1892663277030835,
                0.2649689669611198
            ],
            [
                -0.2167561300742933,
                0.24141805580533113,
                -0.9459038547370394
            ],
            [
                -0.24299604179877093,
                -0.9517854692781157,
                -0.18723606527901332
            ]
        ],
        "7": [
            [
                -0.6925914499153911,
                -0.6893747621897757,
                0.2123193838533978
            ],
            [
                -0.29193984846839477,
                -0.001269012416661849,
                -0.9564358391882526
            ],
            [
                0.6596121651245882,
                -0.7244037733634996,
                -0.20037705646200224
            ]
        ],
        "10": [
            [
                -0.6777820837659653,
                0.7180907348391751,
                0.15797830061119025
            ],
            [
                0.003851160525643562,
                0.21832385576668178,
                -0.9758687732301792
            ],
            [
                -0.7352527561923666,
                -0.6608179708068651,
                -0.1507414805892047
            ]
        ],
        "11": [
            [
                0.3224743962105812,
                -0.9355877178510953,
                0.14382588777685498
            ],
            [
                -0.11240787552653946,
                -0.18871759554219458,
                -0.9755768235522934
            ],
            [
                0.9398801696536805,
                0.2984313846413478,
                -0.16602402040914685
            ]
        ],
        "14": [
            [
                0.17008930909023065,
                0.9836406879640364,
                0.05933484570507578
            ],
            [
                0.16976597252429582,
                0.030062780800330237,
                -0.9850257579289139
            ],
            [
                -0.9706951846517464,
                0.17761538838791097,
                -0.1618753603910228
            ]
        ],
        "15": [
            [
                0.8388713028478738,
                -0.5405499786469121,
                0.06403637906013938
            ],
            [
                -0.049605613171791095,
                -0.19306986390630515,
                -0.9799302581271033
            ],
            [
                0.5420647750962625,
                0.818858808486557,
                -0.1887750814165225
            ]
        ],
        "18": [
            [
                0.15320243439865766,
                -0.9566169104805531,
                -0.2478166674720778
            ],
            [
                -0.29444582703593447,
                0.19519616733461342,
                -0.9355213045136931
            ],
            [
                0.9433083637048119,
                0.21629272489041074,
                -0.2517673293420564
            ]
        ],
        "19": [
            [
                0.6119124595416735,
                -0.7546395116294452,
                -0.23681712215406295
            ],
            [
                -0.2958622587107562,
                0.05928274053541268,
                -0.9533892597177611
            ],
            [
                0.733504373353172,
                0.6534560154763926,
                -0.1869935028536743
            ]
        ]
    },
    "Frame 4": {
        "1": [
            [
                -0.2851572270632427,
                -0.46962005114937805,
                0.8355491388374819
            ],
            [
                -0.8857999513157379,
                -0.20386610147922904,
                -0.41688974431700426
            ],
            [
                0.3661199285789272,
                -0.8590085099846894,
                -0.35785552625500283
            ]
        ],
        "5": [
            [
                -0.2704037938341239,
                0.9070605804425447,
                0.32268078915136345
            ],
            [
                0.0244790241178557,
                0.3415360669979375,
                -0.9395498349304404
            ],
            [
                -0.9624357462492497,
                -0.246158929041411,
                -0.11455660607243703
            ]
        ],
        "17": [
            [
                -0.8149380028869886,
                0.5532411391080855,
                -0.1726276149663043
            ],
            [
                0.24216886786433942,
                0.054456245054014196,
                -0.9687046798751007
            ],
            [
                -0.526526628849739,
                -0.8312392912832051,
                -0.17835624390282528
            ]
        ],
        "2": [
            [
                -0.7295275512886272,
                -0.03477189823006948,
                0.6830669564576354
            ],
            [
                -0.6677615320174639,
                0.2522225956228363,
                -0.7003415585376674
            ],
            [
                -0.14793271534217567,
                -0.9670442995803021,
                -0.2072226685976556
            ]
        ],
        "3": [
            [
                0.6493332744656819,
                0.3873868774156269,
                0.6544445781560465
            ],
            [
                0.6834870553559286,
                0.08008842203113407,
                -0.7255558488617158
            ],
            [
                -0.33348424825253353,
                0.9184319527666344,
                -0.21276983880406908
            ]
        ],
        "6": [
            [
                -0.9437502532680806,
                0.12324529599035612,
                0.30683229372522614
            ],
            [
                -0.2764337183418385,
                0.21510274515187688,
                -0.9366510601028709
            ],
            [
                -0.18143830582360232,
                -0.9687834670577199,
                -0.16893411477698855
            ]
        ],
        "7": [
            [
                -0.6109599212481917,
                -0.7578430168757849,
                0.22891469240966683
            ],
            [
                -0.28758608271801667,
                -0.056941544506523,
                -0.956060618128431
            ],
            [
                0.73757861930462,
                -0.6499473996269395,
                -0.18315610299105495
            ]
        ],
        "10": [
            [
                -0.8324172244256074,
                0.5198944982802547,
                0.1918105188395318
            ],
            [
                -0.09329827937035506,
                0.20970897983344763,
                -0.9733024066772598
            ],
            [
                -0.5462389546216009,
                -0.8280892792659116,
                -0.12606010478642235
            ]
        ],
        "11": [
            [
                0.7924120909347964,
                -0.5922826636645973,
                0.1458914818031326
            ],
            [
                0.021105257898028033,
                -0.2124072012560102,
                -0.9769532992644256
            ],
            [
                0.6096209037011461,
                0.777228683964352,
                -0.1558137561117107
            ]
        ],
        "14": [
            [
                -0.5230372801058296,
                0.8483972597017586,
                0.08157262622989828
            ],
            [
                0.08174771584503505,
                0.14520234002874455,
                -0.9860190623939764
            ],
            [
                -0.8483804067596183,
                -0.5090563526572706,
                -0.14530077510344216
            ]
        ],
        "15": [
            [
                0.95699356798071,
                -0.2837778806420087,
                0.06027790060942846
            ],
            [
                0.005691395766429845,
                -0.18937196225173175,
                -0.9818889285082905
            ],
            [
                0.2900533034767578,
                0.9400044544422428,
                -0.17961265760230077
            ]
        ],
        "18": [
            [
                0.01917262273245176,
                -0.9629987770154679,
                -0.26882292685757364
            ],
            [
                -0.254334172151394,
                0.2553299985375752,
                -0.9328026161642489
            ],
            [
                0.9669263360844116,
                0.08625512920119688,
                -0.24002815100079547
            ]
        ],
        "19": [
            [
                0.7444459449850437,
                -0.6119067238329977,
                -0.2671523840868595
            ],
            [
                -0.3217208359631922,
                0.02186264740162178,
                -0.9465821297466677
            ],
            [
                0.5850606282279386,
                0.7906277164231974,
                -0.18058758351827503
            ]
        ]
    },
    "Frame 5": {
        "1": [
            [
                -0.2224156551846221,
                -0.42227218292077934,
                0.8787590567727397
            ],
            [
                -0.9284959873545997,
                -0.18316986486356665,
                -0.3230232221873062
            ],
            [
                0.29736589884383574,
                -0.8877696796676392,
                -0.35133818190970223
            ]
        ],
        "5": [
            [
                -0.13163882111882622,
                0.9328749204400325,
                0.33528436227842306
            ],
            [
                0.032078367371299266,
                0.3420593413970693,
                -0.9391306540145493
            ],
            [
                -0.9907785822883122,
                -0.1128706772240085,
                -0.07495339286353926
            ]
        ],
        "17": [
            [
                -0.7520315983330695,
                0.6429731588064361,
                -0.14503100414422573
            ],
            [
                0.19014467579973202,
                0.0009484076545874979,
                -0.9817556227432239
            ],
            [
                -0.6311049654167077,
                -0.7658881234079781,
                -0.12297115535353015
            ]
        ],
        "2": [
            [
                -0.6742447820279487,
                -0.2171260320283334,
                0.705868443921185
            ],
            [
                -0.7303545213129977,
                0.054407643996582634,
                -0.680897996378608
            ],
            [
                0.10943604116444411,
                -0.9746261306215692,
                -0.19526304925377416
            ]
        ],
        "3": [
            [
                0.7118324204214017,
                0.31113657057156885,
                0.6296734389268551
            ],
            [
                0.6548837969612025,
                0.029958786131304673,
                -0.755135539894142
            ],
            [
                -0.2538145340887462,
                0.9498928916391057,
                -0.18243266346466247
            ]
        ],
        "6": [
            [
                -0.923960003198384,
                0.1974762106207264,
                0.32756840312905766
            ],
            [
                -0.2887641951621497,
                0.2014681947089776,
                -0.9359625025144231
            ],
            [
                -0.2508249431017543,
                -0.9593819431069066,
                -0.1291244948041144
            ]
        ],
        "7": [
            [
                -0.883373427476128,
                -0.4037627941596347,
                0.237964269758051
            ],
            [
                -0.2789964215543186,
                0.045062458626952864,
                -0.9592342631403339
            ],
            [
                0.3765798512785342,
                -0.9137532385030974,
                -0.15245535325510365
            ]
        ],
        "10": [
            [
                -0.8261584603328385,
                0.5213882405997339,
                0.21358019801654757
            ],
            [
                -0.13001530634672404,
                0.19242440685681042,
                -0.972660715646197
            ],
            [
                -0.5482319021509431,
                -0.8313405741392144,
                -0.09118459987212833
            ]
        ],
        "11": [
            [
                0.9262005370421739,
                -0.34263447732710967,
                0.15733461198848572
            ],
            [
                0.10135434984677216,
                -0.17566942952707465,
                -0.9792178242335923
            ],
            [
                0.36315266892854736,
                0.9228986219929092,
                -0.127977625285291
            ]
        ],
        "14": [
            [
                -0.6472946816830414,
                0.7551770109720053,
                0.10352428296896309
            ],
            [
                0.023400199484351045,
                0.15543921445934758,
                -0.9875682666389972
            ],
            [
                -0.7618805849534052,
                -0.6368251979214145,
                -0.11828626954726627
            ]
        ],
        "15": [
            [
                0.9727881817986054,
                -0.2221877000207263,
                0.06569459119640943
            ],
            [
                0.02695026988929724,
                -0.17310453360520425,
                -0.9845346633807358
            ],
            [
                0.23012352401668473,
                0.9595141720708581,
                -0.1624060260252614
            ]
        ],
        "18": [
            [
                -0.06804158333837679,
                -0.9599886102358138,
                -0.27164721819727383
            ],
            [
                -0.21891576544863922,
                0.2800085787648024,
                -0.9347037410089636
            ],
            [
                0.973368496806242,
                -0.004130863786904246,
                -0.2292088684792343
            ]
        ],
        "19": [
            [
                0.751660186318009,
                -0.5995492889056006,
                -0.2748592630368582
            ],
            [
                -0.32631562598384223,
                0.02410271604384179,
                -0.9449535286552896
            ],
            [
                0.5731710709231139,
                0.7999748178862249,
                -0.17752524948511428
            ]
        ]
    },
    "Frame 6": {
        "1": [
            [
                -0.17829094612221635,
                -0.47803141916974834,
                0.8600571497391329
            ],
            [
                -0.9134160237718889,
                -0.2446224688379877,
                -0.3253167921524496
            ],
            [
                0.3659009511433351,
                -0.8435910205936075,
                -0.39302758672418736
            ]
        ],
        "5": [
            [
                -0.10849671270747067,
                0.9369531871376926,
                0.33218547295779266
            ],
            [
                0.03912375510243745,
                0.33792373602778963,
                -0.9403599738481564
            ],
            [
                -0.993326630629803,
                -0.08902962283162001,
                -0.0733207415408656
            ]
        ],
        "17": [
            [
                -0.7253876955289025,
                0.6750888927520099,
                -0.13441606324444128
            ],
            [
                0.1773507724789797,
                -0.0053847897088985415,
                -0.9841329724894397
            ],
            [
                -0.6651010409527094,
                -0.7377167416581084,
                -0.1158214764237024
            ]
        ],
        "2": [
            [
                -0.6894533267621717,
                -0.21338677747758916,
                0.6921850860964168
            ],
            [
                -0.7158081555258298,
                0.054565016938198034,
                -0.6961618658108498
            ],
            [
                0.11078264620094407,
                -0.9754428441094146,
                -0.1903640280527087
            ]
        ],
        "3": [
            [
                0.7851133299618306,
                0.24456095848681275,
                0.5690228437420217
            ],
            [
                0.592909130993763,
                -0.031190783198558635,
                -0.8046650840117778
            ],
            [
                -0.17904139605260738,
                0.9691321234111847,
                -0.16949072503255577
            ]
        ],
        "6": [
            [
                -0.8791557070741188,
                0.34968565338619084,
                0.323736291655537
            ],
            [
                -0.2415123268161526,
                0.258684096387756,
                -0.9352830236200687
            ],
            [
                -0.41080048529043156,
                -0.9004457130176826,
                -0.14297020386508155
            ]
        ],
        "7": [
            [
                -0.9091285785986094,
                -0.34756700319455436,
                0.22952648183952257
            ],
            [
                -0.2784772373042771,
                0.0974247620037264,
                -0.9554887984962958
            ],
            [
                0.30973481541255476,
                -0.932580073794671,
                -0.18536113422850195
            ]
        ],
        "10": [
            [
                -0.6969811792064349,
                0.6840839498782317,
                0.21504972762364646
            ],
            [
                -0.07464949468992169,
                0.22904642900672384,
                -0.9705489097937348
            ],
            [
                -0.7131933039327745,
                -0.6925076771258676,
                -0.1085745289982336
            ]
        ],
        "11": [
            [
                0.16906885724450121,
                -0.9724945725735722,
                0.16021868750237384
            ],
            [
                -0.1363156468785443,
                -0.18406889173180255,
                -0.9734149616236183
            ],
            [
                0.9761320432841668,
                0.14273384115748763,
                -0.1636865439255976
            ]
        ],
        "14": [
            [
                -0.5104330283452833,
                0.8538000264435622,
                0.10238964019487394
            ],
            [
                0.06769834466311889,
                0.15859834093953137,
                -0.9850195431467853
            ],
            [
                -0.8572485390504536,
                -0.4958548992358557,
                -0.138754679919859
            ]
        ],
        "15": [
            [
                0.9013723497240459,
                -0.4274670468731051,
                0.06928066823103653
            ],
            [
                -0.021799013911028214,
                -0.20457179255161023,
                -0.978608800637276
            ],
            [
                0.43249588454164417,
                0.880580663840518,
                -0.19371371744079802
            ]
        ],
        "18": [
            [
                0.024145662832441475,
                -0.9618732607257052,
                -0.27242763675383885
            ],
            [
                -0.25857308600010737,
                0.25722520038700747,
                -0.9311150065820253
            ],
            [
                0.9656898809466543,
                0.0929248437543125,
                -0.2425036644062796
            ]
        ],
        "19": [
